0 0 99 0 1
99 0 0 0 101
0 1 99 1 2
99 1 0 1 102
0 2 99 2 3
99 2 0 2 103
0 3 99 3 4
99 3 0 3 104
0 4 99 4 5
99 4 0 4 105
0 5 99 5 6
99 5 0 5 106
0 6 99 6 7
99 6 0 6 107
0 7 99 7 8
99 7 0 7 108
0 8 99 8 9
99 8 0 8 109
0 9 99 9 10
99 9 0 9 110
0 10 99 10 11
99 10 0 10 111
0 11 99 11 12
99 11 0 11 112
0 12 99 12 13
99 12 0 12 113
0 13 99 13 14
99 13 0 13 114
0 14 99 14 15
99 14 0 14 115
0 15 99 15 16
99 15 0 15 116
0 16 99 16 17
99 16 0 16 117
0 17 99 17 18
99 17 0 17 118
0 18 99 18 19
99 18 0 18 119
0 19 99 19 20
99 19 0 19 120
0 20 99 20 21
99 20 0 20 121
0 21 99 21 22
99 21 0 21 122
0 22 99 22 23
99 22 0 22 123
0 23 99 23 24
99 23 0 23 124
0 24 99 24 25
99 24 0 24 125
0 25 99 25 26
99 25 0 25 126
0 26 99 26 27
99 26 0 26 127
0 27 99 27 28
99 27 0 27 128
0 28 99 28 29
99 28 0 28 129
0 29 99 29 30
99 29 0 29 130
0 30 99 30 31
99 30 0 30 131
0 31 99 31 32
99 31 0 31 132
0 32 99 32 33
99 32 0 32 133
0 33 99 33 34
99 33 0 33 134
0 34 99 34 35
99 34 0 34 135
0 35 99 35 36
99 35 0 35 136
0 36 99 36 37
99 36 0 36 137
0 37 99 37 38
99 37 0 37 138
0 38 99 38 39
99 38 0 38 139
0 39 99 39 40
99 39 0 39 140
0 40 99 40 41
99 40 0 40 141
0 41 99 41 42
99 41 0 41 142
0 42 99 42 43
99 42 0 42 143
0 43 99 43 44
99 43 0 43 144
0 44 99 44 45
99 44 0 44 145
0 45 99 45 46
99 45 0 45 146
0 46 99 46 47
99 46 0 46 147
0 47 99 47 48
99 47 0 47 148
0 48 99 48 49
99 48 0 48 149
0 49 99 49 50
99 49 0 49 150
0 50 99 50 51
99 50 0 50 151
0 51 99 51 52
99 51 0 51 152
0 52 99 52 53
99 52 0 52 153
0 53 99 53 54
99 53 0 53 154
0 54 99 54 55
99 54 0 54 155
0 55 99 55 56
99 55 0 55 156
0 56 99 56 57
99 56 0 56 157
0 57 99 57 58
99 57 0 57 158
0 58 99 58 59
99 58 0 58 159
0 59 99 59 60
99 59 0 59 160
0 60 99 60 61
99 60 0 60 161
0 61 99 61 62
99 61 0 61 162
0 62 99 62 63
99 62 0 62 163
0 63 99 63 64
99 63 0 63 164
0 64 99 64 65
99 64 0 64 165
0 65 99 65 66
99 65 0 65 166
0 66 99 66 67
99 66 0 66 167
0 67 99 67 68
99 67 0 67 168
0 68 99 68 69
99 68 0 68 169
0 69 99 69 70
99 69 0 69 170
0 70 99 70 71
99 70 0 70 171
0 71 99 71 72
99 71 0 71 172
0 72 99 72 73
99 72 0 72 173
0 73 99 73 74
99 73 0 73 174
0 74 99 74 75
99 74 0 74 175
0 75 99 75 76
99 75 0 75 176
0 76 99 76 77
99 76 0 76 177
0 77 99 77 78
99 77 0 77 178
0 78 99 78 79
99 78 0 78 179
0 79 99 79 80
99 79 0 79 180
0 80 99 80 81
99 80 0 80 181
0 81 99 81 82
99 81 0 81 182
0 82 99 82 83
99 82 0 82 183
0 83 99 83 84
99 83 0 83 184
0 84 99 84 85
99 84 0 84 185
0 85 99 85 86
99 85 0 85 186
0 86 99 86 87
99 86 0 86 187
0 87 99 87 88
99 87 0 87 188
0 88 99 88 89
99 88 0 88 189
0 89 99 89 90
99 89 0 89 190
0 90 99 90 91
99 90 0 90 191
0 91 99 91 92
99 91 0 91 192
0 92 99 92 93
99 92 0 92 193
0 93 99 93 94
99 93 0 93 194
0 94 99 94 95
99 94 0 94 195
0 95 99 95 96
99 95 0 95 196
0 96 99 96 97
99 96 0 96 197
0 97 99 97 98
99 97 0 97 198
0 98 99 98 99
99 98 0 98 199
0 99 99 99 100
99 99 0 99 200
